0 0 2 2 2 2 2 2 5 5 
1 0 0 0 0 4 0 4 0 10 
2 0 4 4 0 4 0 4 0 10 
3 1 0 4 0 0 0 4 0 10 
4 1 0 4 4 4 0 4 0 10 
5 2 0 4 0 4 0 0 0 10 
6 2 0 4 0 4 4 4 0 10 
7 3 0 4 0 4 0 4 0 0 
8 3 0 4 0 4 0 4 10 10 
9 0 4.5 4.5 2 2 2 2 5 5 
10 0 5 5 0 4 0 4 0 10 
11 1 4 5 0 0 0 4 0 10 
12 1 4 5 4 4 0 4 0 10 
13 2 4 5 0 4 0 0 0 10 
14 2 4 5 0 4 4 4 0 10 
15 3 4 5 0 4 0 4 0 0 
16 3 4 5 0 4 0 4 10 10 
17 0 17.5 17.5 2 2 2 2 5 5 
18 0 30 30 0 4 0 4 0 10 
19 1 5 30 0 0 0 4 0 10 
20 1 5 30 4 4 0 4 0 10 
21 2 5 30 0 4 0 0 0 10 
22 2 5 30 0 4 4 4 0 10 
23 3 5 30 0 4 0 4 0 0 
24 3 5 30 0 4 0 4 10 10 
25 0 2 2 102 102 2 2 5 5 
26 0 0 0 4 200 0 4 0 10 
27 0 4 4 4 200 0 4 0 10 
28 1 0 4 200 200 0 4 0 10 
29 2 0 4 4 200 0 0 0 10 
30 2 0 4 4 200 4 4 0 10 
31 3 0 4 4 200 0 4 0 0 
32 3 0 4 4 200 0 4 10 10 
33 0 4.5 4.5 102 102 2 2 5 5 
34 0 5 5 4 200 0 4 0 10 
35 1 4 5 200 200 0 4 0 10 
36 2 4 5 4 200 0 0 0 10 
37 2 4 5 4 200 4 4 0 10 
38 3 4 5 4 200 0 4 0 0 
39 3 4 5 4 200 0 4 10 10 
40 0 17.5 17.5 102 102 2 2 5 5 
41 0 30 30 4 200 0 4 0 10 
42 1 5 30 200 200 0 4 0 10 
43 2 5 30 4 200 0 0 0 10 
44 2 5 30 4 200 4 4 0 10 
45 3 5 30 4 200 0 4 0 0 
46 3 5 30 4 200 0 4 10 10 
47 0 2 2 2 2 17 17 5 5 
48 0 0 0 0 4 4 30 0 10 
49 0 4 4 0 4 4 30 0 10 
50 1 0 4 0 0 4 30 0 10 
51 1 0 4 4 4 4 30 0 10 
52 2 0 4 0 4 30 30 0 10 
53 3 0 4 0 4 4 30 0 0 
54 3 0 4 0 4 4 30 10 10 
55 0 4.5 4.5 2 2 17 17 5 5 
56 0 5 5 0 4 4 30 0 10 
57 1 4 5 0 0 4 30 0 10 
58 1 4 5 4 4 4 30 0 10 
59 2 4 5 0 4 30 30 0 10 
60 3 4 5 0 4 4 30 0 0 
61 3 4 5 0 4 4 30 10 10 
62 0 17.5 17.5 2 2 17 17 5 5 
63 0 30 30 0 4 4 30 0 10 
64 1 5 30 0 0 4 30 0 10 
65 1 5 30 4 4 4 30 0 10 
66 2 5 30 0 4 30 30 0 10 
67 3 5 30 0 4 4 30 0 0 
68 3 5 30 0 4 4 30 10 10 
69 0 2 2 102 102 17 17 5 5 
70 0 0 0 4 200 4 30 0 10 
71 0 4 4 4 200 4 30 0 10 
72 1 0 4 200 200 4 30 0 10 
73 2 0 4 4 200 30 30 0 10 
74 3 0 4 4 200 4 30 0 0 
75 3 0 4 4 200 4 30 10 10 
76 0 4.5 4.5 102 102 17 17 5 5 
77 0 5 5 4 200 4 30 0 10 
78 1 4 5 200 200 4 30 0 10 
79 2 4 5 4 200 30 30 0 10 
80 3 4 5 4 200 4 30 0 0 
81 3 4 5 4 200 4 30 10 10 
82 0 17.5 17.5 102 102 17 17 5 5 
83 0 30 30 4 200 4 30 0 10 
84 1 5 30 200 200 4 30 0 10 
85 2 5 30 4 200 30 30 0 10 
86 3 5 30 4 200 4 30 0 0 
87 3 5 30 4 200 4 30 10 10 
88 0 2 2 2 2 2 2 20 20 
89 0 0 0 0 4 0 4 10 30 
90 0 4 4 0 4 0 4 10 30 
91 1 0 4 0 0 0 4 10 30 
92 1 0 4 4 4 0 4 10 30 
93 2 0 4 0 4 0 0 10 30 
94 2 0 4 0 4 4 4 10 30 
95 3 0 4 0 4 0 4 30 30 
96 0 4.5 4.5 2 2 2 2 20 20 
97 0 5 5 0 4 0 4 10 30 
98 1 4 5 0 0 0 4 10 30 
99 1 4 5 4 4 0 4 10 30 
100 2 4 5 0 4 0 0 10 30 
101 2 4 5 0 4 4 4 10 30 
102 3 4 5 0 4 0 4 30 30 
103 0 17.5 17.5 2 2 2 2 20 20 
104 0 30 30 0 4 0 4 10 30 
105 1 5 30 0 0 0 4 10 30 
106 1 5 30 4 4 0 4 10 30 
107 2 5 30 0 4 0 0 10 30 
108 2 5 30 0 4 4 4 10 30 
109 3 5 30 0 4 0 4 30 30 
110 0 2 2 102 102 2 2 20 20 
111 0 0 0 4 200 0 4 10 30 
112 0 4 4 4 200 0 4 10 30 
113 1 0 4 200 200 0 4 10 30 
114 2 0 4 4 200 0 0 10 30 
115 2 0 4 4 200 4 4 10 30 
116 3 0 4 4 200 0 4 30 30 
117 0 4.5 4.5 102 102 2 2 20 20 
118 0 5 5 4 200 0 4 10 30 
119 1 4 5 200 200 0 4 10 30 
120 2 4 5 4 200 0 0 10 30 
121 2 4 5 4 200 4 4 10 30 
122 3 4 5 4 200 0 4 30 30 
123 0 17.5 17.5 102 102 2 2 20 20 
124 0 30 30 4 200 0 4 10 30 
125 1 5 30 200 200 0 4 10 30 
126 2 5 30 4 200 0 0 10 30 
127 2 5 30 4 200 4 4 10 30 
128 3 5 30 4 200 0 4 30 30 
129 0 2 2 2 2 17 17 20 20 
130 0 0 0 0 4 4 30 10 30 
131 0 4 4 0 4 4 30 10 30 
132 1 0 4 0 0 4 30 10 30 
133 1 0 4 4 4 4 30 10 30 
134 2 0 4 0 4 30 30 10 30 
135 3 0 4 0 4 4 30 30 30 
136 0 4.5 4.5 2 2 17 17 20 20 
137 0 5 5 0 4 4 30 10 30 
138 1 4 5 0 0 4 30 10 30 
139 1 4 5 4 4 4 30 10 30 
140 2 4 5 0 4 30 30 10 30 
141 3 4 5 0 4 4 30 30 30 
142 0 17.5 17.5 2 2 17 17 20 20 
143 0 30 30 0 4 4 30 10 30 
144 1 5 30 0 0 4 30 10 30 
145 1 5 30 4 4 4 30 10 30 
146 2 5 30 0 4 30 30 10 30 
147 3 5 30 0 4 4 30 30 30 
148 0 2 2 102 102 17 17 20 20 
149 0 0 0 4 200 4 30 10 30 
150 0 4 4 4 200 4 30 10 30 
151 1 0 4 200 200 4 30 10 30 
152 2 0 4 4 200 30 30 10 30 
153 3 0 4 4 200 4 30 30 30 
154 0 4.5 4.5 102 102 17 17 20 20 
155 0 5 5 4 200 4 30 10 30 
156 1 4 5 200 200 4 30 10 30 
157 2 4 5 4 200 30 30 10 30 
158 3 4 5 4 200 4 30 30 30 
159 0 17.5 17.5 102 102 17 17 20 20 
160 0 30 30 4 200 4 30 10 30 
161 1 5 30 200 200 4 30 10 30 
162 2 5 30 4 200 30 30 10 30 
163 3 5 30 4 200 4 30 30 30 
